141325
141326
210963
210966
180248
210968
210969
210974
210976
210979
210980
180263
210985
210986
180271
180273
180277
180279
180282
131136
180290
180293
131142
131143
131144
180296
180297
180299
180300
180301
211013
211015
211020
180305
211022
211024
131156
211025
141398
131158
131159
131161
211026
131163
141403
180316
211029
141407
141409
131170
131173
180325
180326
211049
131178
211051
131180
131181
211052
211053
131184
211054
211055
131187
211059
131190
131191
180343
211063
131195
131196
131198
131199
141440
131202
131203
131225
131229
180388
180389
131238
131239
131245
131248
131253
131256
131263
180416
131266
131269
131270
180421
180423
131273
131275
131277
131280
131285
131288
131290
131291
131293
131294
131301
131302
131304
131305
131306
131310
131311
131313
131317
131318
180471
162041
162042
180475
180482
131331
180483
180487
162468
131339
162059
162063
162068
131349
180504
180506
162078
162079
162080
162083
162084
180516
180517
162088
180522
131371
131372
131373
160043
131375
162094
131377
131378
162097
180526
131381
131382
180527
180529
131385
131392
131393
131396
131398
131399
131400
162120
131402
131403
162119
162121
131406
162126
162127
131410
162134
162140
131422
160094
162143
162145
162147
162150
162152
131434
131437
131440
131441
160115
160118
131450
131451
160123
160132
131462
162183
162184
131465
162186
131468
131469
160141
131473
160157
160160
131489
131491
131498
131504
131508
131518
162238
162239
131534
131540
131542
131543
131545
162267
162268
131571
162303
131587
131588
131589
131590
162308
131592
131595
152077
131598
131600
131605
152090
131615
152101
131634
131638
131639
131640
131643
131644
152134
180823
152156
131692
131693
180850
131700
150134
150135
131709
150141
180881
162449
162458
150171
180891
162460
150175
162465
131747
131748
150179
150180
131751
152232
152233
131754
150187
152234
131757
150189
152237
150196
180918
180919
150211
150213
131786
182096
131789
182097
131798
131799
131801
131803
152285
152286
152287
131808
131809
131811
180967
152299
152301
131824
131826
131828
131829
180982
150265
131834
152313
180989
150270
152318
152325
152326
152332
152333
131854
152337
181011
152340
152349
181023
181027
181028
152356
131878
211750
181032
131881
131882
152363
152364
131888
131890
150322
152371
131893
131894
150327
152375
152379
152380
131902
131903
131904
131905
150336
152384
181060
131909
181062
152389
131922
131937
160612
131941
131942
131943
152424
160613
131946
131948
131949
131950
181103
181102
181105
152433
211030
131956
131959
131962
131963
131964
131965
181114
131969
131971
131972
131973
181133
150432
132002
132003
150436
132008
150441
150445
150446
150447
150448
132020
132023
132025
132029
132033
132037
132043
181197
132046
181198
181199
181200
132050
181201
132055
181207
132067
160745
132074
132076
130028
132079
160752
160753
160754
160756
132088
132090
132100
160774
132109
160782
132111
160784
130465
160789
130466
160793
160797
160798
160799
160803
160807
160814
160815
160823
132156
160828
160836
160837
140358
160838
130475
160842
140363
140364
160845
160846
140367
160847
140369
130476
132181
140374
132183
132184
140375
140378
130137
140380
140381
140382
160863
142435
132197
132198
210024
140394
132211
132213
130170
140411
132220
160892
160893
130171
130175
140417
140418
140419
132228
140421
140422
160902
132232
160905
160898
130178
130186
160909
130488
160911
160914
132243
140437
132246
140440
140441
160920
140444
160925
140447
140448
132258
140451
132263
160936
160937
132266
140458
140459
160938
140462
140464
160945
140467
140468
210099
140474
160954
130234
140477
140479
140481
160967
160970
140492
130264
132314
140506
140507
140508
210138
140516
140517
140518
132335
132339
130292
132343
130295
130298
132349
210173
210174
210176
132353
210177
130301
132356
130303
130304
132359
132360
130309
132363
132365
130318
132372
210205
210209
210210
210211
210220
132398
210224
132401
212273
132405
132407
132409
132414
130393
130394
130397
181601
140642
130404
130405
130408
130409
181613
130414
130415
181617
130419
181621
181622
181623
130424
130431
210304
130432
130433
181638
210311
130438
210314
161163
130444
210317
161165
130450
130455
130456
130457
210331
181660
130459
130460
181663
130461
210337
181666
181667
130462
181669
161189
161191
130464
210345
181674
210346
130469
181677
210349
181679
210351
210352
161202
181683
140724
181684
210354
130478
130481
210361
140730
210362
210363
161213
210366
130486
181696
210369
181698
161219
130491
130492
130496
210375
130497
130498
130505
161227
130507
161229
130508
130510
130511
130512
210388
210392
210397
210405
210407
210408
210410
130539
130541
130542
130543
130547
130549
130550
210425
210426
210427
130554
130556
210430
130557
130580
130583
210459
210470
210479
210482
210483
130635
210509
210513
130642
161382
161383
210536
161385
210537
161387
210538
130177
210543
210545
161396
161400
140928
161411
140934
140935
140937
161421
161422
210590
181923
181925
161445
140969
181930
210603
210606
181935
140976
210608
181936
181938
210612
210613
140982
181948
181951
210633
210634
141003
181965
141006
210638
210640
181967
210642
141011
181972
210645
161497
141021
141027
130788
141029
130789
130791
130792
161518
130799
130800
130801
130803
130804
161530
161531
182013
182014
130487
130827
130830
161551
130832
130835
130836
130837
130840
161561
130841
130843
141084
130844
130845
182049
130849
141094
141095
130855
130856
130857
161579
182059
141101
182065
130868
130869
130871
161592
161594
161595
130877
130878
210751
210752
130881
130882
210760
210761
141131
130892
141133
141136
141137
210769
141139
210770
141141
210774
141143
141144
161623
161624
182103
182107
130906
182118
161641
161642
182121
141164
141165
141166
161647
182126
182130
141172
161653
161654
161655
182132
182133
182135
182136
182139
182140
182142
182144
141188
141191
182151
182153
182154
182155
130953
130956
130958
182161
182164
182165
182168
180130
182182
182186
182188
130989
182190
182193
182203
180156
210890
210897
141266
210898
210901
141270
210904
210905
180187
180188
210909
210912
210913
131042
210914
210915
180194
141286
210918
131049
210923
210925
131056
131057
210929
131059
180208
131061
131062
180212
131066
131071
131069
131070
141311
